828,1237,1920,2452,
828,870,1883,2448,
836,1477,1884,
828,1237,1920,2452,
828,870,1883,2448,
828,1237,1920,2452,
836,1477,1884,
828,870,1883,2448,
828,1237,1920,2452,
836,1477,1884,
836,1477,1884,
836,1477,1884,
828,870,1883,2448,
828,1237,1920,2452,
828,1237,1920,2452,
836,1477,1884,
836,1477,1884,
828,1237,1920,2452,
828,1237,1920,2452,
836,1477,1884,
828,870,1883,2448,
828,1237,1920,2452,
836,1477,1884,
828,870,1883,2448,
836,1477,1884,
836,1477,1884,
836,1477,1884,
836,1477,1884,
828,1237,1920,2452,
828,1237,1920,2452,
