277,329,333,354,353,352,396,506,493,577,776,584,542,695,789,756,760,751,700,674,661,636,741,738,741,1022,989,953,935,977,1072,1004,1032,1119,996,992,982,1102,1085,1244,1205,1237,
268,281,285,376,453,428,466,436,447,467,774,571,529,576,721,686,704,713,734,700,750,670,779,751,757,776,1001,950,1008,993,995,995,1024,986,960,1015,1020,1145,1169,1125,1260,
277,329,333,354,353,331,417,427,423,778,828,626,622,581,665,654,751,748,716,693,733,671,719,750,790,1019,985,943,976,963,1050,989,1040,1022,996,1017,990,1094,1115,1154,1261,
268,278,292,328,436,402,475,411,487,465,790,588,546,555,752,727,736,722,674,643,617,778,804,805,799,839,1003,961,968,972,1065,997,1059,1018,1018,1034,1047,1128,1108,1303,1256,1247,
277,329,333,354,353,352,396,506,493,577,776,584,542,695,789,756,760,751,700,674,661,636,741,738,741,1022,989,953,935,977,1072,1004,1032,1119,996,992,982,1102,1085,1244,1205,1237,
294,333,331,350,361,409,438,421,424,484,817,615,592,677,659,657,707,743,728,708,711,702,703,695,776,818,715,938,997,988,996,973,1062,1019,1005,1034,1047,1091,1153,1194,1178,1275,1155,
268,281,285,376,453,428,466,436,447,467,774,571,529,727,775,740,750,735,689,619,663,691,776,758,762,818,979,943,939,963,1061,993,1030,1004,869,1016,1007,1104,1154,1156,1182,1275,
268,281,285,376,453,428,466,436,447,467,774,571,529,576,721,686,704,713,734,700,750,670,779,751,757,776,1001,950,1008,993,995,995,1024,986,960,1015,1020,1145,1169,1125,1260,
294,333,331,350,361,409,438,421,424,484,817,615,592,677,659,657,707,743,728,708,711,702,703,695,776,818,715,938,997,988,996,973,1062,1019,1005,1034,1047,1091,1153,1194,1178,1275,1155,
268,281,285,376,453,428,466,436,447,467,774,571,529,576,721,686,704,713,734,700,750,670,779,751,757,776,1001,950,1008,993,995,995,1024,986,960,1015,1020,1145,1169,1125,1260,
277,329,333,354,353,352,396,506,493,577,776,584,542,695,789,756,760,751,700,674,661,636,741,738,741,1022,989,953,935,977,1072,1004,1032,1119,996,992,982,1102,1085,1244,1205,1237,
268,281,285,376,453,428,466,436,447,467,774,571,529,576,721,686,704,713,734,700,750,670,779,751,757,776,1001,950,1008,993,995,995,1024,986,960,1015,1020,1145,1169,1125,1260,
268,281,285,376,453,428,466,436,447,467,774,571,529,576,721,686,704,713,734,700,750,670,779,751,757,776,1001,950,1008,993,995,995,1024,986,960,1015,1020,1145,1169,1125,1260,
277,329,333,354,353,331,417,427,423,778,828,626,622,581,665,654,751,748,716,693,733,671,719,750,790,1019,985,943,976,963,1050,989,1040,1022,996,1017,990,1094,1115,1154,1261,
294,333,331,350,361,409,438,421,424,484,817,615,592,677,659,657,707,743,728,708,711,702,703,695,776,818,715,938,997,988,996,973,1062,1019,1005,1034,1047,1091,1153,1194,1178,1275,1155,
268,278,292,328,436,402,475,411,487,465,790,588,546,555,752,727,736,722,674,643,617,778,804,805,799,839,1003,961,968,972,1065,997,1059,1018,1018,1034,1047,1128,1108,1303,1256,1247,
277,329,333,354,353,352,396,506,493,577,776,584,542,695,789,756,760,751,700,674,661,636,741,738,741,1022,989,953,935,977,1072,1004,1032,1119,996,992,982,1102,1085,1244,1205,1237,
277,329,333,354,353,352,396,506,493,577,776,584,542,695,789,756,760,751,700,674,661,636,741,738,741,1022,989,953,935,977,1072,1004,1032,1119,996,992,982,1102,1085,1244,1205,1237,
277,329,333,354,353,331,417,427,423,778,828,626,622,581,665,654,751,748,716,693,733,671,719,750,790,1019,985,943,976,963,1050,989,1040,1022,996,1017,990,1094,1115,1154,1261,
268,278,292,328,436,402,475,411,487,465,790,588,546,555,752,727,736,722,674,643,617,778,804,805,799,839,1003,961,968,972,1065,997,1059,1018,1018,1034,1047,1128,1108,1303,1256,1247,
268,278,292,328,436,402,475,411,487,465,790,588,546,555,752,727,736,722,674,643,617,778,804,805,799,839,1003,961,968,972,1065,997,1059,1018,1018,1034,1047,1128,1108,1303,1256,1247,
268,281,285,376,453,428,466,436,447,467,774,571,529,727,775,740,750,735,689,619,663,691,776,758,762,818,979,943,939,963,1061,993,1030,1004,869,1016,1007,1104,1154,1156,1182,1275,
277,329,333,354,353,331,417,427,423,778,828,626,622,581,665,654,751,748,716,693,733,671,719,750,790,1001,1003,959,1004,991,1024,992,975,976,945,996,1025,1105,1176,1161,1273,
294,333,331,350,361,409,438,421,424,484,817,615,592,677,659,657,707,743,728,708,711,702,703,695,776,818,715,938,997,988,996,973,1062,1019,1005,1034,1047,1091,1153,1194,1178,1275,1155,
268,281,285,376,453,428,466,436,447,467,774,571,529,727,775,740,750,735,689,619,663,691,776,758,762,818,979,943,939,963,1061,993,1030,1004,869,1016,1007,1104,1154,1156,1182,1275,
294,333,331,350,361,409,438,421,424,484,817,615,592,677,659,657,707,743,728,708,711,702,703,695,776,818,715,938,997,988,996,973,1062,1019,1005,1034,1047,1091,1153,1194,1178,1275,1155,
268,278,292,328,436,402,475,411,487,465,790,588,546,555,752,727,736,722,674,643,617,778,804,805,799,839,1003,961,968,972,1065,997,1059,1018,1018,1034,1047,1128,1108,1303,1256,1247,
268,281,285,376,453,428,466,436,447,467,774,571,529,727,775,740,750,735,689,619,663,691,776,758,762,818,979,943,939,963,1061,993,1030,1004,869,1016,1007,1104,1154,1156,1182,1275,
268,278,292,328,436,402,475,411,487,465,790,588,546,555,752,727,736,722,674,643,617,778,804,805,799,839,1003,961,968,972,1065,997,1059,1018,1018,1034,1047,1128,1108,1303,1256,1247,
268,281,285,376,453,428,466,436,447,467,774,571,529,576,721,686,704,713,734,700,750,670,779,751,757,776,1001,950,1008,993,995,995,1024,986,960,1015,1020,1145,1169,1125,1260,
